[gd_scene load_steps=8 format=3 uid="uid://c510cmtigpytf"]

[ext_resource type="Script" path="res://main.gd" id="1_xlcdy"]
[ext_resource type="PackedScene" uid="uid://b6pnse6exakcf" path="res://scanner.tscn" id="2_ttui5"]
[ext_resource type="QuadMesh" uid="uid://utoangjtkt02" path="res://esteira_mesh.tres" id="3_kpxks"]
[ext_resource type="QuadMesh" uid="uid://oimj8nutrwbl" path="res://esteira_mesh_2.tres" id="4_m36at"]

[sub_resource type="Environment" id="Environment_ftk5f"]
glow_enabled = true
fog_enabled = true
volumetric_fog_enabled = true

[sub_resource type="QuadMesh" id="QuadMesh_o2jq0"]
size = Vector2(10, 10)
orientation = 1

[sub_resource type="MeshLibrary" id="MeshLibrary_1v54t"]
item/0/name = "Esteira"
item/0/mesh = ExtResource("3_kpxks")
item/0/mesh_transform = Transform3D(1, 0, 0, 0, 1, 0, 0, 0, 1, 0, 0, 0)
item/0/shapes = []
item/0/navigation_mesh_transform = Transform3D(1, 0, 0, 0, 1, 0, 0, 0, 1, 0, 0, 0)
item/0/navigation_layers = 1
item/1/name = "Esteira 2"
item/1/mesh = ExtResource("4_m36at")
item/1/mesh_transform = Transform3D(1, 0, 0, 0, 1, 0, 0, 0, 1, 0, 0, 0)
item/1/shapes = []
item/1/navigation_mesh_transform = Transform3D(1, 0, 0, 0, 1, 0, 0, 0, 1, 0, 0, 0)
item/1/navigation_layers = 1

[node name="main" type="Node3D"]
script = ExtResource("1_xlcdy")

[node name="scanner" parent="." instance=ExtResource("2_ttui5")]
transform = Transform3D(1, 0, 0, 0, 1, 0, 0, 0, 1, 0, 0, 6)

[node name="Camera3D" type="Camera3D" parent="."]
transform = Transform3D(0.67559, -0.638501, 0.368639, 0, 0.5, 0.866025, -0.737277, -0.585078, 0.337795, 3.97061, 5.71465, 4.73546)
environment = SubResource("Environment_ftk5f")

[node name="ScoreLabel" type="Label3D" parent="Camera3D"]
transform = Transform3D(0.67559, 1.49012e-08, -0.737277, -0.638501, 0.5, -0.585078, 0.368639, 0.866025, 0.337795, -0.805, 0.915, -1.395)
billboard = 1
text = "Score: "

[node name="chao" type="MeshInstance3D" parent="."]
transform = Transform3D(1, 0, 0, 0, 1, 0, 0, 0, 1, 0, -0.5, 0)
visible = false
mesh = SubResource("QuadMesh_o2jq0")

[node name="sun" type="DirectionalLight3D" parent="."]
transform = Transform3D(0.90978, -0.398177, 0.117281, 0, 0.282542, 0.959255, -0.41509, -0.872711, 0.257051, -2.16818, 2.285, 1)
shadow_enabled = true

[node name="spawnTimer" type="Timer" parent="."]
wait_time = 5.0
one_shot = true

[node name="stepTimer" type="Timer" parent="."]
wait_time = 5.0
one_shot = true

[node name="GridMap" type="GridMap" parent="."]
transform = Transform3D(1, 0, 0, 0, 1, 0, 0, 0, 1, -0.5, -1, 0)
mesh_library = SubResource("MeshLibrary_1v54t")
cell_size = Vector3(1, 1, 1)
data = {
"cells": PackedInt32Array(0, 0, 0, 0, 2, 0, 1, 2, 0, 1, 0, 0, 1, 4, 0, 0, 4, 0, 65535, 4, 0, 65535, 2, 0, 65535, 0, 0, 65535, 3, 1, 0, 3, 1, 1, 3, 1, 65535, 1, 1, 0, 1, 1, 1, 1, 1, 65535, 65535, 1, 0, 65535, 1, 1, 65535, 1, 1, 65534, 0, 0, 65534, 0, 65535, 65534, 0, 1, 65533, 1, 0, 65533, 1, 65535, 65533, 1)
}
metadata/_editor_floor_ = Vector3(0, 0, 0)

[connection signal="timeout" from="spawnTimer" to="." method="_on_spawn_timer_timeout"]
[connection signal="timeout" from="stepTimer" to="." method="_on_step_timer_timeout"]
