[gd_scene load_steps=10 format=3 uid="uid://c510cmtigpytf"]

[ext_resource type="Script" path="res://main.gd" id="1_xlcdy"]
[ext_resource type="PackedScene" uid="uid://b6pnse6exakcf" path="res://scanner.tscn" id="2_ttui5"]
[ext_resource type="PackedScene" uid="uid://dt16omp1thmnp" path="res://2b_1_item.tscn" id="3_5qdp0"]
[ext_resource type="PackedScene" uid="uid://byihu3aetkxaa" path="res://item.tscn" id="3_hlcwg"]
[ext_resource type="Shader" path="res://GroundGridShader.gdshader" id="3_pt24n"]
[ext_resource type="PackedScene" uid="uid://boy3n51rrwm7y" path="res://2b_2_item.tscn" id="6_r3krq"]

[sub_resource type="Environment" id="Environment_ftk5f"]
glow_enabled = true

[sub_resource type="QuadMesh" id="QuadMesh_o2jq0"]
size = Vector2(3, 10)
orientation = 1

[sub_resource type="ShaderMaterial" id="ShaderMaterial_vhbrv"]
render_priority = 0
shader = ExtResource("3_pt24n")

[node name="main" type="Node3D"]
script = ExtResource("1_xlcdy")

[node name="scanner" parent="." instance=ExtResource("2_ttui5")]
transform = Transform3D(1, 0, 0, 0, 1, 0, 0, 0, 1, 0, 0, 8.79002)

[node name="Camera3D" type="Camera3D" parent="."]
transform = Transform3D(0.67559, -0.638501, 0.368639, 0, 0.5, 0.866025, -0.737277, -0.585078, 0.337795, 3.97061, 5.71465, 4.73546)
environment = SubResource("Environment_ftk5f")

[node name="ScoreLabel" type="Label3D" parent="Camera3D"]
transform = Transform3D(0.67559, 1.49012e-08, -0.737277, -0.638501, 0.5, -0.585078, 0.368639, 0.866025, 0.337795, -0.805, 0.915, -1.395)
billboard = 1
text = "Score: "

[node name="chao" type="MeshInstance3D" parent="."]
transform = Transform3D(1, 0, 0, 0, 1, 0, 0, 0, 1, 0, -0.5, 2.5)
mesh = SubResource("QuadMesh_o2jq0")
surface_material_override/0 = SubResource("ShaderMaterial_vhbrv")

[node name="sun" type="DirectionalLight3D" parent="."]
transform = Transform3D(0.90978, -0.398177, 0.117281, 0, 0.282542, 0.959255, -0.41509, -0.872711, 0.257051, -2.16818, 2.285, 1)
shadow_enabled = true

[node name="spawnTimer" type="Timer" parent="."]
wait_time = 5.0
one_shot = true

[node name="stepTimer" type="Timer" parent="."]
wait_time = 100.0
one_shot = true

[node name="item" parent="." instance=ExtResource("3_hlcwg")]
transform = Transform3D(1, 0, 0, 0, 1, 0, 0, 0, 1, -1.00715, 0, 1)

[node name="2b1_item" parent="." instance=ExtResource("3_5qdp0")]
transform = Transform3D(1, 0, 0, 0, 1, 0, 0, 0, 1, 0, 0, 0)

[node name="2b2_item" parent="." instance=ExtResource("6_r3krq")]
transform = Transform3D(1, 0, 0, 0, 1, 0, 0, 0, 1, 0, 0, 3)

[node name="Marker3D" type="Marker3D" parent="."]
transform = Transform3D(1, 0, 0, 0, 1, 0, 0, 0, 1, -1.45861, 0.498016, -0.371917)

[node name="Label3D" type="Label3D" parent="."]
billboard = 1
no_depth_test = true
text = "ORIGIN
"

[connection signal="timeout" from="spawnTimer" to="." method="_on_spawn_timer_timeout"]
[connection signal="timeout" from="stepTimer" to="." method="_on_step_timer_timeout"]
